0.1
0.100001
0.100001
0.100002
0.100003
0.100003
0.100004
0.100005
0.100005
0.100006
0.100007
0.100008
0.100009
0.10001
0.100011
0.100012
0.100014
0.100015
0.100016
0.100018
0.100019
0.100021
0.100023
0.100024
0.100027
0.100029
0.100031
0.100033
0.100035
0.100038
0.10004
0.100042
0.100044
0.100047
0.100049
0.100051
0.100054
0.100057
0.100059
0.100062
0.100065
0.100068
0.100071
0.100075
0.100078
0.100081
0.100085
0.100089
0.100092
0.100096
0.1001
0.100104
0.100109
0.100113
0.100117
0.100122
0.100127
0.100132
0.100137
0.100142
0.100147
0.100152
0.100157
0.100163
0.100169
0.100174
0.10018
0.100186
0.100192
0.100198
0.100205
0.100211
0.100218
0.100225
0.100232
0.100239
0.100246
0.100253
0.100261
0.100268
0.100276
0.100284
0.100293
0.100307
0.10032
0.100334
0.100347
0.100358
0.100367
0.100377
